; convert-matrix  -v 1 -i $RSAT/public_html/tmp/apache/2016/12/12/oligo-analysis_2016-12-12.084417_mlWtB4_pssm_count_matrices.tf -from transfac -to tab -return counts -o $RSAT/public_html/tmp/apache/2016/12/12/oligo-analysis_2016-12-12.084417_mlWtB4_pssm_count_matrices.txt
; Input files
;	input	/export/space7/rsa-tools/public_html/tmp/apache/2016/12/12/oligo-analysis_2016-12-12.084417_mlWtB4_pssm_count_matrices.tf
; Input format        	transfac
; Output files
;	output	/export/space7/rsa-tools/public_html/tmp/apache/2016/12/12/oligo-analysis_2016-12-12.084417_mlWtB4_pssm_count_matrices.txt
; Output format       	tab
; pseudo-weight       	1
a	4	8	3	1	2	1	2	2	4	1	0	0	1	3	0	1	0	2	1	0	0	5	4
c	12	9	20	24	23	6	18	5	2	25	25	3	3	21	5	5	25	8	19	4	2	12	14
g	10	13	6	5	4	24	10	22	24	3	3	27	24	3	25	22	6	21	9	24	27	8	9
t	5	1	2	1	2	0	1	2	1	2	3	1	3	4	1	3	0	0	2	3	2	6	4
//
a	13	14	3	7	6	5	2	3	3	8	3	9	7	2	2	6	8	7	4	1	19	7
c	36	29	64	56	8	55	68	16	14	57	14	9	55	64	13	9	10	60	55	11	24	30
g	29	22	8	12	64	15	7	58	61	10	61	58	10	10	60	59	53	7	14	67	29	32
t	3	16	6	6	3	6	4	4	3	6	3	5	9	5	6	7	10	7	8	2	9	12
//
a	7	9	6	8	3	6	2	3	2	5	5	1	3	3	4	3	4	1	5	4	2	3	14	12
c	16	20	35	32	32	6	41	9	10	36	38	51	2	7	44	8	5	41	3	42	12	11	23	21
g	23	18	15	12	15	39	9	42	42	6	11	1	50	40	5	42	44	5	44	9	38	35	13	18
t	10	9	0	4	6	5	4	2	2	9	2	3	1	6	3	3	3	9	4	1	4	7	6	5
//
a	3	6	0	1	0	3	2	1	4	1	0	1	2	1	1	2	0	3	2	6	1	3	2	1	1
c	12	11	23	3	4	4	22	24	4	9	18	6	2	22	19	0	2	18	19	17	3	3	20	10	5
g	11	7	2	21	20	6	0	2	18	15	4	16	21	4	5	22	21	3	4	4	21	19	4	11	18
t	1	3	2	2	3	14	3	0	1	2	5	4	2	0	2	3	4	3	2	0	2	2	1	5	3
//
a	4	5	7	1	2	4	3	2	0	1	1	2	1	2	2	3	0	2	1	4	1	1	4	6
c	14	11	16	21	21	2	22	8	28	5	3	24	28	4	5	23	8	4	27	5	24	4	15	13
g	12	15	9	11	9	24	3	20	4	27	23	5	3	27	24	4	25	25	4	21	5	24	10	11
t	3	2	1	0	1	3	5	3	1	0	6	2	1	0	2	3	0	2	1	3	3	4	4	3
//
a	5	3	2	3	2	3	2	3	1	1	5	3	1	0	4	0	0	2	2	1	3	1	2	3	2
c	13	6	20	18	3	19	20	5	20	6	4	20	19	7	3	21	3	4	21	5	19	4	2	12	12
g	7	17	4	6	21	3	4	18	6	18	16	2	6	20	17	4	23	19	4	20	4	21	21	7	12
t	2	1	1	0	1	2	1	1	0	2	2	2	1	0	3	2	1	2	0	1	1	1	2	5	1
//
a	35	30	6	7	2	8	178	3	5	17	15
c	80	79	11	15	9	184	8	176	176	70	60
g	63	59	179	14	7	4	9	8	10	64	88
t	20	30	2	162	180	2	3	11	7	47	35
//
a	2	7	2	2	3	1	2	3	3	2	1	1	2	2	6	7	2	0	4	3	4	4	2	10	4
c	13	13	26	26	23	9	20	4	28	27	8	7	25	6	7	24	31	5	5	4	28	24	3	9	13
g	14	13	6	8	7	26	9	27	3	6	27	27	6	28	21	4	2	28	24	25	3	7	30	11	13
t	7	3	2	0	3	0	5	2	2	1	0	1	3	0	2	1	1	3	3	4	1	1	1	6	6
//
a	4	4	0	16	2	0	1	0	0	1	3	6	1	1	7	3	2	2	1	1	1	3	6
c	6	3	22	4	24	24	4	5	23	10	2	12	22	1	4	17	21	21	0	5	16	10	8
g	14	11	2	6	0	1	19	20	2	12	20	6	3	21	15	3	3	3	25	20	3	8	10
t	2	8	2	0	0	1	2	1	1	3	1	2	0	3	0	3	0	0	0	0	6	5	2
//
a	7	9	0	0	50	0	0	0	10	14
c	12	13	50	0	0	50	0	0	15	16
g	26	12	0	50	0	0	50	50	14	15
t	5	16	0	0	0	0	0	0	11	5
//
; Host name	miztli.nnb.unam.mx
; Job started	2016-12-12.084432
; Job done	2016-12-12.084432
; Seconds	0.29
;	user	0.29
;	system	0.03
;	cuser	0
;	csystem	0
