; convert-matrix  -v 1 -i $RSAT/public_html/tmp/apache/2016/12/12/oligo-analysis_2016-12-12.090748_AmcluI_pssm_count_matrices.tf -from transfac -to tab -return counts -o $RSAT/public_html/tmp/apache/2016/12/12/oligo-analysis_2016-12-12.090748_AmcluI_pssm_count_matrices.txt
; Input files
;	input	/export/space7/rsa-tools/public_html/tmp/apache/2016/12/12/oligo-analysis_2016-12-12.090748_AmcluI_pssm_count_matrices.tf
; Input format        	transfac
; Output files
;	output	/export/space7/rsa-tools/public_html/tmp/apache/2016/12/12/oligo-analysis_2016-12-12.090748_AmcluI_pssm_count_matrices.txt
; Output format       	tab
; pseudo-weight       	1
a	62	73	64	10	7	2	1	2	195	10	41	57	87
c	42	46	35	178	17	1	12	208	1	16	110	41	35
g	50	33	85	13	6	197	1	2	5	3	36	45	39
t	59	61	29	12	183	13	199	1	12	184	26	70	52
//
a	10	16	5	6	1	0	6	5	5	2	0	3	5	5	4	3	1	10	13	7
c	25	30	53	7	58	9	58	57	0	55	21	70	11	9	65	16	64	10	19	36
g	36	19	10	64	16	65	9	11	70	21	55	0	57	58	9	58	7	53	30	25
t	7	13	10	1	3	4	5	5	3	0	2	5	5	6	0	1	6	5	16	10
//
a	1	10	5	0	0	0	0	0	0	0	0	4	6
c	31	11	8	29	49	50	2	3	45	48	48	17	13
g	12	14	14	16	1	0	47	47	0	2	2	22	21
t	6	15	23	5	0	0	1	0	5	0	0	7	10
//
a	8	7	0	0	0	0	0	0	17	12
c	20	27	0	56	56	0	0	56	17	15
g	10	9	56	0	0	56	0	0	16	15
t	18	13	0	0	0	0	56	0	6	14
//
a	14	13	3	7	0	5	4	1	2	2	4	1	4	1	5	3	2	10	2	5	13	12
c	20	26	42	6	43	47	48	1	48	50	8	51	7	60	16	13	46	9	57	7	22	32
g	24	21	7	49	15	14	12	61	14	11	48	9	54	6	43	44	13	41	6	47	21	21
t	9	7	15	5	9	1	3	4	3	4	7	6	2	0	3	7	6	7	2	8	11	2
//
a	24	38	18	4	3	1	1	5	126	7	55	34	35
c	37	36	7	126	3	7	2	122	0	90	21	40	20
g	40	28	93	1	4	128	1	9	10	4	32	17	44
t	35	34	18	5	126	0	132	0	0	35	28	45	37
//
a	5	6	3	0	0	6	2	0	0	0	2	0	0	1	5	6	1	2	0	4	2	6	2
c	13	10	24	3	30	23	21	1	26	1	30	20	6	24	9	6	33	2	34	7	6	11	14
g	13	16	4	32	6	6	7	34	8	33	2	8	28	6	20	23	1	31	2	22	25	16	11
t	5	4	5	1	0	1	6	1	2	2	2	8	2	5	2	1	1	1	0	3	3	3	9
//
a	22	10	9	4	3	8	8	1	3	3	2	11	5	8	6	1	20	19	13
c	36	55	19	31	17	85	78	5	78	17	93	15	11	79	13	87	11	37	46
g	38	20	76	68	82	10	16	98	20	86	6	74	86	14	78	12	69	27	37
t	11	22	3	4	5	4	5	3	6	1	6	7	5	6	10	7	7	24	11
//
a	3	4	0	0	5	0	1	0	0	3	23	14	2
c	16	11	2	2	0	30	30	0	1	1	6	9	9
g	12	14	31	31	28	3	2	33	32	29	0	1	21
t	2	4	0	0	0	0	0	0	0	0	4	9	1
//
a	25	13	2	5	5	1	5	7	5	5	3	12	22	26
c	60	90	32	34	17	152	143	11	8	139	124	120	41	55
g	55	41	120	124	139	8	11	143	152	17	34	32	90	60
t	26	22	12	3	5	5	7	5	1	5	5	2	13	25
//
; Host name	miztli.nnb.unam.mx
; Job started	2016-12-12.090801
; Job done	2016-12-12.090801
; Seconds	0.29
;	user	0.29
;	system	0.03
;	cuser	0
;	csystem	0
