; convert-matrix  -v 1 -i $RSAT/public_html/tmp/apache/2016/12/13/oligo-analysis_2016-12-13.124558_h7j0ep_pssm_count_matrices.tf -from transfac -to tab -return counts -o $RSAT/public_html/tmp/apache/2016/12/13/oligo-analysis_2016-12-13.124558_h7j0ep_pssm_count_matrices.txt
; Input files
;	input	/export/space7/rsa-tools/public_html/tmp/apache/2016/12/13/oligo-analysis_2016-12-13.124558_h7j0ep_pssm_count_matrices.tf
; Input format        	transfac
; Output files
;	output	/export/space7/rsa-tools/public_html/tmp/apache/2016/12/13/oligo-analysis_2016-12-13.124558_h7j0ep_pssm_count_matrices.txt
; Output format       	tab
; pseudo-weight       	1
a	2	3	1	1	1	4	6	4	7	0	7	1	2	2	6	4	6	1	3	2	6	0	5	1	6	0	2	0	3	6	5	4	2	4
c	2	2	2	0	1	1	1	2	1	1	0	2	1	0	0	0	0	1	1	0	0	5	0	0	1	0	0	1	0	0	2	1	1	0
g	0	1	1	2	0	0	1	0	0	1	0	0	5	0	0	1	1	0	0	0	0	1	2	0	1	1	2	1	1	1	0	2	2	2
t	4	2	4	5	6	3	0	2	0	6	1	5	0	6	2	3	1	6	4	6	2	2	1	7	0	7	4	6	4	1	1	1	3	2
//
a	5	10	9	17	2	1	5	12	18	17	0	1	3	19	2	18	2	9	7	0	4	11	12	6	12	12	9
c	3	5	9	0	5	9	0	0	0	0	0	0	0	0	13	0	0	0	0	9	0	0	0	9	5	2	3
g	1	0	1	0	0	8	9	6	1	2	2	0	0	0	0	0	0	0	1	3	0	0	0	0	1	0	0
t	10	4	0	2	12	1	5	1	0	0	17	18	16	0	4	1	17	10	11	7	15	8	7	4	1	5	7
//
a	17	22	20	1	0	0	95	8	101	21	75	5	17	26	53	23	47	70
c	46	13	35	0	2	0	1	92	1	2	5	12	17	2	13	43	28	18
g	26	7	29	0	0	0	0	1	1	2	2	2	1	10	1	3	2	8
t	19	66	24	107	106	108	12	7	5	83	26	89	73	70	41	39	31	12
//
a	5	11	4	2	5	19	17	2	15	6	32	2	0	12	32	32	28	2	26	1	18	30	14	1	0	15	17	15	32	0	16	12	11	2	15	15	22	30	17	3
c	1	1	1	0	2	1	0	18	1	0	0	1	0	0	0	1	3	2	1	10	14	0	0	2	0	1	0	6	0	10	0	0	1	0	0	0	0	2	14	11
g	9	0	15	10	9	0	0	13	0	0	0	0	29	0	0	0	0	11	1	1	0	0	16	8	0	0	0	1	0	0	0	0	16	0	0	0	0	0	2	0
t	18	21	13	21	17	13	16	0	17	27	1	30	4	21	1	0	2	18	5	21	1	3	3	22	33	17	16	11	1	23	17	21	5	31	18	18	11	1	0	19
//
a	68	71	174	7	4	183	7	2	57	61	44
c	5	43	6	0	2	2	0	0	9	32	36
g	50	44	3	163	184	4	152	184	8	37	43
t	67	32	7	20	0	1	31	4	116	60	67
//
a	105	41	20	34	57	38	91	87	111	27	150	32	9	4	132	149	149	11	59	75	82	28	36	32
c	8	13	4	1	14	8	8	4	2	26	2	1	0	0	4	0	0	38	2	8	10	4	9	14
g	20	46	10	52	5	25	14	15	32	8	0	1	142	0	5	8	4	2	63	42	10	56	46	78
t	28	61	127	74	85	90	48	55	16	100	9	127	10	157	20	4	8	110	37	36	59	73	70	37
//
a	55	60	55	36	65	38	76	39	78	3	1	2	100	11	98	5	56	43	48
c	7	15	37	21	12	19	3	3	7	2	0	0	3	91	1	2	1	10	12
g	1	6	8	3	3	25	5	6	5	0	1	1	0	0	5	4	3	10	24
t	44	26	7	47	27	25	23	59	17	102	105	104	4	5	3	96	47	44	23
//
a	18	15	47	0	0	47	0	47	22	23
c	4	16	0	0	0	0	0	0	9	4
g	11	6	0	0	47	0	0	0	4	8
t	14	10	0	47	0	0	47	0	12	12
//
a	113	73	157	30	234	11	10	43	221	233	246	16	142	68	92	102	72	82
c	25	34	17	7	3	1	1	4	30	15	2	38	9	19	28	7	13	26
g	16	43	33	4	5	7	206	2	3	3	1	16	21	41	74	44	49	90
t	102	106	49	215	14	237	39	207	2	5	7	186	84	128	62	103	122	58
//
a	126	38	13	45	88	57	129	74	121	13	173	15	4	28	136	184	178	12	58	29	45	54	29
c	13	17	3	0	3	2	14	23	3	18	5	2	0	0	28	0	0	39	3	9	27	5	8
g	17	39	46	43	6	28	9	11	17	8	0	1	161	0	0	2	4	3	21	53	50	51	58
t	31	93	125	99	90	100	35	79	46	148	9	169	22	159	23	1	5	133	105	96	65	77	92
//
; Host name	miztli.nnb.unam.mx
; Job started	2016-12-13.124618
; Job done	2016-12-13.124618
; Seconds	0.29
;	user	0.29
;	system	0.03
;	cuser	0
;	csystem	0
