; convert-matrix  -v 1 -i $RSAT/public_html/tmp/apache/2016/12/13/oligo-analysis_2016-12-13.125145_rH3ajX_pssm_count_matrices.tf -from transfac -to tab -return counts -o $RSAT/public_html/tmp/apache/2016/12/13/oligo-analysis_2016-12-13.125145_rH3ajX_pssm_count_matrices.txt
; Input files
;	input	/export/space7/rsa-tools/public_html/tmp/apache/2016/12/13/oligo-analysis_2016-12-13.125145_rH3ajX_pssm_count_matrices.tf
; Input format        	transfac
; Output files
;	output	/export/space7/rsa-tools/public_html/tmp/apache/2016/12/13/oligo-analysis_2016-12-13.125145_rH3ajX_pssm_count_matrices.txt
; Output format       	tab
; pseudo-weight       	1
a	0	1	0	0	0	1	1	0	1	0	0	1	0	0	2	0	0	0	2	1	0	0	1	1	0	0	2	2
c	4	2	1	0	6	1	7	2	3	7	7	4	9	3	7	7	1	3	2	7	6	0	1	1	2	2	1	6
g	4	3	7	8	2	6	1	6	5	2	1	4	0	6	0	1	8	6	4	1	3	9	7	1	7	7	6	0
t	1	3	1	1	1	1	0	1	0	0	1	0	0	0	0	1	0	0	1	0	0	0	0	6	0	0	0	1
//
a	2	1	2	1	1	1	1	0	2	3	0	1	0	1	0	0	2	0	0	2	2	3	1	0	1	0	3	2	2	0
c	3	4	1	4	7	9	11	3	1	8	9	10	11	3	9	2	11	11	2	0	0	8	11	3	1	3	1	4	5	7
g	5	6	8	8	4	1	0	9	10	2	4	2	2	8	2	11	0	2	10	9	11	0	0	10	9	4	8	6	3	3
t	3	2	2	0	1	2	1	1	0	0	0	0	0	1	2	0	0	0	1	2	0	2	1	0	2	6	1	1	3	3
//
a	1	1	1	1	1	0	0	1	0	0	1	1	0	1	1	0	1	1	1	1	1	1	0	1	1	3	1	1	1	0	2	0	2
c	3	4	1	0	5	6	6	1	2	7	4	6	8	1	7	6	0	7	3	8	6	1	4	2	6	5	0	3	2	1	1	3	2
g	3	3	7	7	1	2	0	5	7	2	2	1	1	7	0	3	8	0	5	0	1	7	5	6	1	1	8	4	0	8	6	4	3
t	2	1	0	1	2	1	3	2	0	0	2	1	0	0	1	0	0	1	0	0	1	0	0	0	1	0	0	1	6	0	0	2	2
//
a	0	0	0	1	0	0	0	0	0	1	0	1	0	0	1	2	0	1	0	0	0	0	0	0	0	2	0	0	0	0	0	0	0	0	0	0	1	1
c	1	1	1	1	2	2	1	1	1	0	2	1	2	0	0	0	2	0	1	1	2	0	0	0	2	0	2	1	0	1	2	0	0	0	0	0	0	1
g	1	1	1	0	0	0	1	1	1	0	0	0	0	2	1	0	0	1	0	1	0	2	2	2	0	0	0	1	2	1	0	2	2	0	2	2	0	0
t	0	0	0	0	0	0	0	0	0	1	0	0	0	0	0	0	0	0	1	0	0	0	0	0	0	0	0	0	0	0	0	0	0	2	0	0	1	0
//
a	0	1	1	0	1	0	0	0	1	0	1	0	1	0	1	1	2	0	0	0	0	1	0	0	0	0	1	2	0	1
c	2	3	1	1	5	6	4	0	0	5	4	6	4	1	2	2	3	1	0	1	1	4	6	2	0	0	4	2	2	3
g	3	2	2	4	0	0	2	6	4	1	1	0	1	3	2	2	1	4	6	4	5	0	0	4	6	5	1	1	3	2
t	1	0	2	1	0	0	0	0	1	0	0	0	0	2	1	1	0	1	0	1	0	1	0	0	0	1	0	1	1	0
//
a	3	7	0	0	0	0	0	0	11	8
c	24	14	45	0	45	0	0	45	18	22
g	10	21	0	45	0	45	0	0	15	13
t	8	3	0	0	0	0	45	0	1	2
//
a	3	0	0	0	0	0	1	0	0	0	0	1	0	1	0	1	1	0	0	0	0	0	1	0	0	0	0	0	0	0	0
c	3	2	4	0	5	6	6	6	0	0	5	5	5	2	0	1	4	4	2	0	2	5	6	2	2	1	1	7	6	3	0
g	1	5	3	6	2	1	0	1	6	5	2	1	2	4	6	1	2	2	4	6	5	2	0	5	4	6	4	0	1	4	4
t	0	0	0	1	0	0	0	0	1	2	0	0	0	0	1	4	0	1	1	1	0	0	0	0	1	0	2	0	0	0	3
//
a	1	3	0	0	4	0	0	0	2	1	0	0	0	0	0	0	0	0	0	1	0	0	1	1	0	1	1	0	1	1	0	1	1
c	2	1	5	6	1	3	6	1	0	3	4	4	3	0	3	3	5	2	0	3	1	2	1	1	6	2	0	1	1	4	5	3	2
g	3	1	1	0	1	2	0	5	3	2	2	2	1	6	2	2	1	4	6	2	5	4	3	3	0	3	4	5	3	0	1	2	3
t	0	1	0	0	0	1	0	0	1	0	0	0	2	0	1	1	0	0	0	0	0	0	1	1	0	0	1	0	1	1	0	0	0
//
a	4	4	3	5	6	3	3	1	0	3	3	3	0	1	6	1	3	2	5	20	4	2
c	18	22	4	3	25	30	33	1	8	32	29	28	29	0	28	30	3	6	4	13	22	18
g	15	9	31	25	5	6	4	36	28	3	7	9	9	36	4	8	30	29	31	5	11	15
t	3	5	2	7	4	1	0	2	4	2	1	0	2	3	2	1	4	3	0	2	3	5
//
a	2	3	3	0	2	0	10	3	3	0	0	4	0	1	3	1	1	0	2	1	3	0	0	0	2	1	2	3	1
c	9	7	6	11	17	2	1	14	6	3	18	14	16	3	3	19	2	2	4	4	14	19	6	5	2	12	15	6	8
g	7	9	9	9	2	17	8	3	12	17	1	0	3	16	13	0	18	19	12	15	3	2	13	14	14	5	2	11	6
t	3	2	3	1	0	2	2	1	0	1	2	3	2	1	2	1	0	0	3	1	1	0	2	2	3	3	2	1	6
//
; Host name	miztli.nnb.unam.mx
; Job started	2016-12-13.125212
; Job done	2016-12-13.125212
; Seconds	0.3
;	user	0.3
;	system	0.03
;	cuser	0
;	csystem	0
