; convert-matrix  -v 1 -i $RSAT/public_html/tmp/apache/2016/12/13/oligo-analysis_2016-12-13.124851_z8byqK_pssm_count_matrices.tf -from transfac -to tab -return counts -o $RSAT/public_html/tmp/apache/2016/12/13/oligo-analysis_2016-12-13.124851_z8byqK_pssm_count_matrices.txt
; Input files
;	input	/export/space7/rsa-tools/public_html/tmp/apache/2016/12/13/oligo-analysis_2016-12-13.124851_z8byqK_pssm_count_matrices.tf
; Input format        	transfac
; Output files
;	output	/export/space7/rsa-tools/public_html/tmp/apache/2016/12/13/oligo-analysis_2016-12-13.124851_z8byqK_pssm_count_matrices.txt
; Output format       	tab
; pseudo-weight       	1
a	11	10	1	2	5	2	2	0	3	1	2	7	8	1	5	3	2	10	11
c	27	27	14	11	45	50	51	9	4	46	48	48	44	9	7	14	53	24	26
g	20	16	48	50	5	6	7	51	55	12	8	8	9	52	46	14	6	26	15
t	6	11	1	1	9	6	4	4	2	5	6	1	3	2	6	33	3	4	12
//
a	6	4	5	3	0	1	0	1	0	1	0	0	0	2	0	2	1	1	1	0	2	1	0	0	0	0	0	0	0	0
c	9	11	8	5	11	21	18	3	5	15	19	18	3	3	15	8	15	9	3	6	3	15	17	1	5	5	15	15	7	6
g	5	7	7	14	6	0	4	18	17	6	3	4	19	16	6	12	4	11	17	13	17	3	5	20	15	17	6	4	12	13
t	2	0	2	0	5	0	0	0	0	0	0	0	0	1	1	0	2	1	1	3	0	3	0	1	2	0	1	3	3	3
//
a	1	1	1	0	2	0	0	1	1	0	2	2	0	0	1	1	1	1	1	1	0	1	3	6	2	1	1	2
c	7	6	4	7	10	12	13	1	2	12	9	7	13	2	10	13	2	2	1	8	11	5	0	5	10	2	5	8
g	4	7	10	8	2	3	1	12	10	1	2	5	2	11	4	0	12	11	12	5	3	9	12	2	3	11	7	5
t	3	1	0	0	1	0	1	1	2	2	2	1	0	2	0	1	0	1	1	1	1	0	0	2	0	1	2	0
//
a	5	6	1	1	1	0	1	1	5	2	4	2	3	1	0	1	4	2	0	3	2	5	2	3	2
c	12	20	21	4	25	6	22	26	3	24	8	23	9	6	9	5	27	25	3	4	6	20	23	12	13
g	12	4	10	24	7	26	7	5	24	7	20	7	21	23	24	27	1	6	31	27	25	8	7	16	14
t	5	4	2	5	1	2	4	2	2	1	2	2	1	4	1	1	2	1	0	0	1	1	2	3	5
//
a	0	2	1	1	0	0	0	0	0	2	1	1	0	1	0	0	1	0	0	1	0	1	0	0	0	0	0	0	1	0	0	0	0	1	0	0	0	0
c	4	2	5	1	3	6	7	2	2	3	2	7	2	3	7	7	4	1	2	5	7	2	1	1	4	6	0	5	2	6	6	1	2	4	6	2	4	4
g	4	4	2	6	4	2	1	6	6	2	5	0	6	4	1	1	2	7	5	2	1	4	7	7	3	2	7	2	3	2	2	7	6	3	1	5	2	4
t	0	0	0	0	1	0	0	0	0	1	0	0	0	0	0	0	1	0	1	0	0	1	0	0	1	0	1	1	2	0	0	0	0	0	1	1	2	0
//
a	9	4	2	30	6	1	2	1	3	3	1	0	1	8	29	8	5
c	19	16	4	11	39	41	7	3	4	37	38	3	4	2	8	24	13
g	19	22	41	7	3	7	41	46	41	8	12	47	44	38	11	12	24
t	4	9	4	3	3	2	1	1	3	3	0	1	2	3	3	7	9
//
a	1	4	1	1	2	0	0	0	0	1	0	0	0	1	0	1	1	0	1	1	1	1	0	0	2	1	0	0	1	2	3	1	2	1
c	7	8	5	3	10	12	12	10	2	12	14	12	6	3	11	12	13	3	10	5	13	14	2	1	5	10	12	4	2	7	9	6	9	7
g	7	3	9	10	2	3	3	6	13	2	2	4	10	9	2	3	2	13	4	9	1	0	13	14	8	5	3	11	11	5	3	8	4	6
t	1	1	1	2	2	1	1	0	1	1	0	0	0	3	3	0	0	0	1	1	1	1	1	1	1	0	1	1	2	2	1	1	1	2
//
a	13	7	2	17	3	4	2	1	1	1	3	3	0	2	3	2	9	6
c	19	19	33	16	41	44	46	10	3	40	44	39	5	6	13	44	28	15
g	8	17	15	15	5	4	4	40	47	3	2	9	41	41	13	3	11	21
t	12	9	2	4	3	0	0	1	1	8	3	1	6	3	23	3	4	10
//
a	0	1	0	1	0	3	1	0	1	1	2	1	0	2	0	0	1	1	1	1	1	0	0	3	1	0	1	1	3	1	0	0	0
c	10	5	12	9	4	8	13	1	2	12	9	11	3	3	10	13	5	1	2	11	9	2	9	3	9	12	1	3	7	6	1	8	7
g	2	9	3	5	10	3	1	13	12	2	4	3	10	9	4	2	8	12	12	3	4	12	5	8	4	3	13	11	4	4	13	5	8
t	3	0	0	0	1	1	0	1	0	0	0	0	2	1	1	0	1	1	0	0	1	1	1	1	1	0	0	0	1	4	1	2	0
//
a	12	14	4	21	5	2	0	2	3	1	2	2	0	3	2	5	2	10	11
c	18	9	36	13	48	46	8	9	6	47	44	8	5	8	5	38	39	14	17
g	19	28	14	17	2	8	49	45	45	6	7	47	44	43	45	7	12	27	22
t	8	6	3	6	2	1	0	1	3	3	4	0	8	3	5	7	4	6	7
//
; Host name	miztli.nnb.unam.mx
; Job started	2016-12-13.124915
; Job done	2016-12-13.124915
; Seconds	0.29
;	user	0.29
;	system	0.04
;	cuser	0
;	csystem	0
