; convert-matrix  -v 1 -i $RSAT/public_html/tmp/apache/2016/12/13/oligo-analysis_2016-12-13.124641_OGTard_pssm_count_matrices.tf -from transfac -to tab -return counts -o $RSAT/public_html/tmp/apache/2016/12/13/oligo-analysis_2016-12-13.124641_OGTard_pssm_count_matrices.txt
; Input files
;	input	/export/space7/rsa-tools/public_html/tmp/apache/2016/12/13/oligo-analysis_2016-12-13.124641_OGTard_pssm_count_matrices.tf
; Input format        	transfac
; Output files
;	output	/export/space7/rsa-tools/public_html/tmp/apache/2016/12/13/oligo-analysis_2016-12-13.124641_OGTard_pssm_count_matrices.txt
; Output format       	tab
; pseudo-weight       	1
a	109	65	22	12	13	12	174	0	5	174	15	162	15	31	19	49
c	16	50	56	7	8	5	0	2	1	2	170	2	2	89	27	24
g	47	36	13	11	27	18	11	0	168	11	1	7	167	17	33	66
t	18	39	99	160	142	155	5	188	16	3	4	19	6	53	111	51
//
a	8	2	3	1	0	1	1	1	0	0	3	1	1	1	0	0	0	10	14	6	3	5
c	0	8	2	15	15	15	1	14	11	5	12	3	17	14	16	0	5	5	1	0	7	6
g	9	3	12	2	2	2	12	3	7	11	3	12	0	0	2	18	13	3	1	6	6	4
t	1	5	1	0	1	0	4	0	0	2	0	2	0	3	0	0	0	0	2	6	2	3
//
a	0	0	3	0	0	0	0	0	3	0	0	0	3	0	0	0	0	0	0	0	0	0	0	0	0	0	0	0	3	0	0	0
c	3	0	3	3	6	0	6	0	3	3	6	0	3	6	0	6	0	6	0	0	6	0	3	0	6	0	6	0	0	0	6	3
g	3	6	0	0	0	6	0	6	0	3	0	6	0	0	6	0	6	0	6	3	0	6	3	3	0	6	0	6	3	3	0	3
t	0	0	0	3	0	0	0	0	0	0	0	0	0	0	0	0	0	0	0	3	0	0	0	3	0	0	0	0	0	3	0	0
//
a	98	68	13	7	5	4	150	1	1	146	5	81	15	37	21
c	14	39	56	3	4	2	0	1	3	6	149	4	1	53	27
g	37	28	9	7	16	16	6	0	148	3	2	48	133	23	16
t	8	22	79	140	132	135	1	155	5	2	1	24	8	44	93
//
a	83	95	27	272	5	14	344	300	329	148	95
c	127	52	7	10	9	4	9	51	12	59	54
g	75	63	287	8	8	309	5	1	7	81	100
t	75	150	39	70	338	33	2	8	12	72	111
//
a	83	96	201	202	18	10	16	210	214	66	68
c	34	36	3	11	12	5	6	4	1	58	50
g	41	39	17	6	166	6	6	6	2	41	28
t	73	60	10	12	35	210	203	11	14	66	85
//
a	3	0	0	0	0	0	0	0	0	0	0	0	0	0	0	1	3	4	0	0	0	0	1	3	0	0	0	0	3	0	1	0	3	0
c	1	1	4	7	5	5	3	4	7	1	5	0	8	4	5	0	1	0	7	3	4	0	7	0	7	1	4	5	0	3	0	4	4	4
g	4	4	4	0	3	0	5	4	1	7	0	7	0	4	3	7	0	1	0	5	4	8	0	5	1	7	4	3	5	5	7	4	1	1
t	0	3	0	1	0	3	0	0	0	0	3	1	0	0	0	0	4	3	1	0	0	0	0	0	0	0	0	0	0	0	0	0	0	3
//
a	116	82	26	17	17	12	200	2	20	212	14	191	105	63	39
c	16	46	59	14	11	4	2	24	1	10	202	3	8	60	27
g	53	57	13	10	19	8	22	0	201	6	12	17	104	46	40
t	44	44	131	188	182	205	5	203	7	1	1	18	12	60	123
//
a	30	33	89	89	89	0	0	89	17	28
c	15	26	0	0	0	0	89	0	30	18
g	18	17	0	0	0	0	0	0	24	18
t	26	13	0	0	0	89	0	0	18	25
//
a	7	3	0	0	0	30	0	0	7	3
c	9	9	30	0	0	0	30	0	12	12
g	11	13	0	30	30	0	0	30	10	5
t	3	5	0	0	0	0	0	0	1	10
//
; Host name	miztli.nnb.unam.mx
; Job started	2016-12-13.124701
; Job done	2016-12-13.124701
; Seconds	0.29
;	user	0.29
;	system	0.03
;	cuser	0
;	csystem	0
