; convert-matrix  -v 1 -i $RSAT/public_html/tmp/apache/2016/12/12/oligo-analysis_2016-12-12.084157_J46FYH_pssm_count_matrices.tf -from transfac -to tab -return counts -o $RSAT/public_html/tmp/apache/2016/12/12/oligo-analysis_2016-12-12.084157_J46FYH_pssm_count_matrices.txt
; Input files
;	input	/export/space7/rsa-tools/public_html/tmp/apache/2016/12/12/oligo-analysis_2016-12-12.084157_J46FYH_pssm_count_matrices.tf
; Input format        	transfac
; Output files
;	output	/export/space7/rsa-tools/public_html/tmp/apache/2016/12/12/oligo-analysis_2016-12-12.084157_J46FYH_pssm_count_matrices.txt
; Output format       	tab
; pseudo-weight       	1
a	2	0	0	0	0	0	0	0	0	1	2	0	0	0	0	0	0	0	0	0	1	3	0	1	2	0	0	3	2	1	0	0	2	4	4	3
c	2	4	2	4	8	1	0	6	7	8	0	2	5	2	8	8	2	9	2	3	8	3	1	1	2	6	8	1	5	8	1	0	5	2	3	1
g	4	5	4	4	1	5	9	1	2	0	7	5	2	6	0	1	7	0	6	6	0	2	4	7	5	2	1	5	2	0	7	6	2	3	1	4
t	1	0	3	1	0	3	0	2	0	0	0	2	2	1	1	0	0	0	1	0	0	1	4	0	0	1	0	0	0	0	1	3	0	0	1	1
//
a	1	1	0	0	2	0	0	0	0	0	0	0	0	2	0	0	1	1	2	1	1	1	0	1	0	0	1	0
c	3	4	2	11	11	3	3	8	12	12	0	4	6	1	13	10	2	10	1	2	10	10	2	5	5	2	9	6
g	5	8	5	1	1	9	11	4	2	1	13	7	6	11	1	4	11	2	9	11	2	2	12	7	9	10	4	7
t	5	1	7	2	0	2	0	2	0	1	1	3	2	0	0	0	0	1	2	0	1	1	0	1	0	2	0	1
//
a	4	2	0	0	1	0	1	0	2	5	0	2	1	2	0	1	3	0	1	2	2	5	4	1
c	9	17	24	4	4	22	3	19	13	5	21	3	1	20	20	21	3	8	22	3	4	11	9	10
g	11	6	2	21	21	2	21	6	10	16	5	22	24	2	6	4	20	19	3	22	16	8	13	10
t	3	2	1	2	1	3	2	2	2	1	1	0	1	3	1	1	1	0	1	0	5	3	1	6
//
a	2	0	0	1	1	0	0	1	1	0	0	0	0	0	0	0	2	1	0	1	0	1	1	0	1	0	0	0	1	0	2
c	6	3	2	6	7	2	2	7	7	6	0	3	6	1	8	0	2	6	6	1	3	1	6	6	4	5	1	0	3	6	4
g	1	4	3	1	1	7	6	1	1	2	9	6	3	8	0	9	4	1	3	6	6	7	2	2	4	4	7	9	4	2	3
t	0	2	4	1	0	0	1	0	0	1	0	0	0	0	1	0	1	1	0	1	0	0	0	1	0	0	1	0	1	1	0
//
a	2	3	2	1	0	1	1	0	0	2	1	1	1	1	1	3	5	2	2	2	2	2	0	1	3	1	4
c	12	10	15	17	14	8	22	4	7	20	18	20	1	4	24	3	16	21	4	16	5	17	9	6	5	11	13
g	11	10	8	9	11	17	2	23	18	5	8	6	22	18	1	20	4	4	21	7	19	7	18	19	19	11	9
t	2	4	2	0	2	1	2	0	2	0	0	0	3	4	1	1	2	0	0	2	1	1	0	1	0	4	1
//
a	3	2	10	0	2	1	0	1	1	3	0	0	4	2	1	1	2	3	1	5	1	2	2	0	4	3	4
c	7	10	8	17	19	20	2	3	17	5	19	0	3	17	17	3	5	3	17	16	7	12	4	4	5	14	16
g	11	10	3	6	3	3	21	20	5	14	2	24	16	4	5	18	14	17	6	2	14	7	16	18	15	4	4
t	3	2	3	1	0	0	1	0	1	2	3	0	1	1	1	2	3	1	0	1	2	3	2	2	0	3	0
//
a	5	2	5	2	0	0	1	1	0	1	1	0	2	0	0	3	3	0	2	1	1	2	0	0	2	1	0	0	0	0	1	2
c	10	10	12	17	17	7	16	15	7	13	5	18	19	3	6	6	14	19	5	7	18	6	18	6	6	17	14	6	18	16	10	4
g	8	10	5	3	5	15	5	4	14	7	16	4	2	20	13	13	3	3	15	14	2	15	3	15	14	2	9	17	4	6	9	10
t	0	1	1	1	1	1	1	3	2	2	1	1	0	0	4	1	3	1	1	1	2	0	2	2	1	3	0	0	1	1	3	7
//
a	19	38	9	2	5	102	3	4	9	26	31
c	56	52	135	150	3	19	151	4	137	64	53
g	53	52	11	6	151	28	5	152	10	43	52
t	33	19	6	3	2	12	2	1	5	28	25
//
a	5	11	0	0	0	0	42	0	6	5
c	10	9	42	42	0	0	0	42	11	14
g	15	14	0	0	42	42	0	0	16	14
t	12	8	0	0	0	0	0	0	9	9
//
a	1	1	4	0	1	0	1	0	0	0	0	1	1	0	0	0	0	1	2	2	0	2	1	0
c	4	6	1	6	10	10	1	2	6	0	10	8	1	9	0	0	10	10	8	2	3	5	7	7
g	7	3	5	4	1	2	9	9	4	12	2	3	10	3	11	11	1	1	2	8	9	3	4	1
t	0	2	2	2	0	0	1	1	2	0	0	0	0	0	1	1	1	0	0	0	0	2	0	4
//
; Host name	miztli.nnb.unam.mx
; Job started	2016-12-12.084212
; Job done	2016-12-12.084212
; Seconds	0.29
;	user	0.29
;	system	0.04
;	cuser	0
;	csystem	0
