; convert-matrix  -v 1 -i $RSAT/public_html/tmp/apache/2016/12/13/oligo-analysis_2016-12-13.125221_8F1Bgm_pssm_count_matrices.tf -from transfac -to tab -return counts -o $RSAT/public_html/tmp/apache/2016/12/13/oligo-analysis_2016-12-13.125221_8F1Bgm_pssm_count_matrices.txt
; Input files
;	input	/export/space7/rsa-tools/public_html/tmp/apache/2016/12/13/oligo-analysis_2016-12-13.125221_8F1Bgm_pssm_count_matrices.tf
; Input format        	transfac
; Output files
;	output	/export/space7/rsa-tools/public_html/tmp/apache/2016/12/13/oligo-analysis_2016-12-13.125221_8F1Bgm_pssm_count_matrices.txt
; Output format       	tab
; pseudo-weight       	1
a	28	49	70	15	131	1	2	147	5	145	15	24	60	61
c	39	30	21	17	4	4	0	0	148	2	11	33	26	34
g	47	22	27	21	13	0	141	3	0	5	124	43	29	34
t	39	52	35	100	5	148	10	3	0	1	3	53	38	24
//
a	6	7	5	1	4	0	0	0	0	0	0	6	2	0	2	0	0	0	1	0	16	7	4
c	21	6	10	26	16	25	6	32	28	2	26	23	25	4	5	33	30	6	2	10	6	10	7
g	7	22	19	3	13	2	29	1	4	30	7	6	5	30	29	2	3	26	31	20	5	3	7
t	2	1	2	6	3	9	1	3	4	4	3	1	4	2	0	1	3	4	2	6	9	16	18
//
a	3	3	3	1	0	0	0	2	2	1	1	0	0	2	1	4	0	0	1	0	1	0	2	2	0	1	4
c	5	8	5	11	16	13	2	6	11	15	3	12	9	1	14	4	14	1	4	14	1	3	11	10	17	3	6
g	3	4	6	5	1	3	15	9	4	1	13	5	4	14	1	8	3	16	10	2	12	10	0	5	0	11	6
t	6	2	3	0	0	1	0	0	0	0	0	0	4	0	1	1	0	0	2	1	3	4	4	0	0	2	1
//
a	7	4	3	2	1	4	3	0	6	4	0	1	1	2	3	2	0	6	0	3	3	2	1	6	2
c	16	7	6	14	25	13	2	3	22	24	0	23	18	5	17	2	27	5	6	25	2	26	3	13	11
g	6	14	9	11	3	12	24	24	1	1	28	6	10	22	4	25	3	19	23	1	19	1	22	6	13
t	1	5	12	3	1	1	1	3	1	1	2	0	1	1	6	1	0	0	1	1	6	1	4	5	4
//
a	2	4	1	1	0	0	1	0	0	0	0	0	0	0	1	1	0	0	1	0	0	3	3	1
c	4	2	1	7	6	10	2	4	7	2	3	10	1	8	2	1	8	10	1	3	1	5	2	4
g	3	3	5	2	4	0	7	6	3	8	6	0	8	2	7	8	2	0	8	7	9	1	4	3
t	1	1	3	0	0	0	0	0	0	0	1	0	1	0	0	0	0	0	0	0	0	1	1	2
//
a	5	5	0	4	3	1	1	0	0	1	0	0	0	2	4	1	0	2	0	3	0	2	1	1	1
c	6	7	2	3	0	14	16	0	18	10	2	18	4	17	4	3	15	11	7	3	12	16	14	8	8
g	8	5	15	13	13	4	3	20	0	8	14	1	16	1	12	15	4	5	12	13	4	2	4	8	5
t	1	3	3	0	4	1	0	0	2	1	4	1	0	0	0	1	1	2	1	1	4	0	1	3	6
//
a	22	24	1	6	4	90	2	3	6	6	23	22
c	45	38	4	104	101	7	3	8	113	4	31	33
g	31	36	114	7	15	15	111	106	1	108	53	43
t	22	22	1	3	0	8	4	3	0	2	13	22
//
a	47	38	66	2	2	167	8	159	3	23	35	34
c	40	42	5	6	0	2	164	9	2	37	50	49
g	37	37	87	1	167	1	1	5	164	79	43	39
t	49	56	15	164	4	3	0	0	4	34	45	51
//
a	53	73	21	179	13	0	185	13	175	7	29	62	59
c	31	36	25	0	8	2	1	181	4	14	33	35	44
g	25	26	110	9	1	183	9	0	10	165	70	33	43
t	87	61	40	8	174	11	1	2	7	10	64	66	50
//
a	15	45	74	5	67	0	1	82	3	26	37	12
c	22	10	5	2	0	4	0	1	78	0	21	10
g	25	15	1	6	13	0	81	0	0	57	21	24
t	21	13	3	70	3	79	1	0	2	0	4	37
//
; Host name	miztli.nnb.unam.mx
; Job started	2016-12-13.125239
; Job done	2016-12-13.125239
; Seconds	0.29
;	user	0.29
;	system	0.03
;	cuser	0
;	csystem	0
